# author: Hannah Earnshaw	
# source: 	
# date_created: 2026-01-28	
# date_modified: 2026-02-05	
# status: estimated	
# orig_filename: mirror_reflectivity.csv (24nm)	
# wavelength_unit: nm
# changes:
#   - 2026-02-05 Reflection units changed from percent to frac

wavelength reflection
110.0 0.7225320000000001
111.0 0.741199
112.0 0.75773
113.0 0.772427
114.0 0.778793
115.0 0.780857
116.0 0.78179
117.0 0.790417
118.0 0.80111
119.0 0.811854
120.0 0.8227530000000001
121.0 0.833591
122.0 0.840995
123.0 0.8427450000000001
124.0 0.844386
125.0 0.845843
126.0 0.847072
127.0 0.84834
128.0 0.849696
129.0 0.85119
130.0 0.85287
131.0 0.8547880000000001
132.0 0.8569939999999999
133.0 0.859536
134.0 0.861497
135.0 0.8621089999999999
136.0 0.862604
137.0 0.863065
138.0 0.8634539999999999
139.0 0.863691
140.0 0.8639
141.0 0.864263
142.0 0.864598
143.0 0.8649049999999999
144.0 0.865202
145.0 0.8655029999999999
146.0 0.865564
147.0 0.8656130000000001
148.0 0.8656480000000001
149.0 0.865672
150.0 0.865685
151.0 0.8657290000000001
152.0 0.865762
153.0 0.865784
154.0 0.8657980000000001
155.0 0.864932
156.0 0.863353
157.0 0.861845
158.0 0.8604189999999999
159.0 0.859086
160.0 0.8578560000000001
161.0 0.856631
162.0 0.855401
163.0 0.854186
164.0 0.852988
165.0 0.85181
166.0 0.850525
167.0 0.849267
168.0 0.848038
169.0 0.8468389999999999
170.0 0.845673
171.0 0.8448739999999999
172.0 0.8440989999999999
173.0 0.843349
174.0 0.8426269999999999
175.0 0.841932
176.0 0.841263
177.0 0.840625
178.0 0.8398739999999999
179.0 0.839136
180.0 0.838433
181.0 0.8397969999999999
182.0 0.841194
183.0 0.842619
184.0 0.844074
185.0 0.845554
186.0 0.846924
187.0 0.848321
188.0 0.849743
189.0 0.851189
190.0 0.8526560000000001
191.0 0.854142
192.0 0.855646
193.0 0.857166
194.0 0.858699
195.0 0.860244
196.0 0.861761
197.0 0.863287
198.0 0.8648220000000001
199.0 0.8663620000000001
200.0 0.867907
201.0 0.8681350000000001
202.0 0.868379
203.0 0.868639
204.0 0.8689149999999999
205.0 0.869205
206.0 0.8695569999999999
207.0 0.869883
208.0 0.870155
209.0 0.87044
210.0 0.870737
211.0 0.8709610000000001
212.0 0.8712000000000001
213.0 0.871453
214.0 0.8717189999999999
215.0 0.871999
216.0 0.87233
217.0 0.872671
218.0 0.873023
219.0 0.8733839999999999
220.0 0.8737550000000001
221.0 0.874095
222.0 0.874444
223.0 0.8748009999999999
224.0 0.875167
225.0 0.875541
226.0 0.875906
227.0 0.8762789999999999
228.0 0.876549
229.0 0.876779
230.0 0.8770180000000001
231.0 0.8772530000000001
232.0 0.8774970000000001
233.0 0.877748
234.0 0.8780070000000001
235.0 0.878272
236.0 0.878549
237.0 0.878831
238.0 0.8790779999999999
239.0 0.87926
240.0 0.879449
241.0 0.8796599999999999
242.0 0.8798779999999999
243.0 0.8801009999999999
244.0 0.8803300000000001
245.0 0.880565
246.0 0.8807649999999999
247.0 0.880971
248.0 0.881186
249.0 0.881489
250.0 0.8817959999999999
251.0 0.882094
252.0 0.882396
253.0 0.882702
254.0 0.8830110000000001
255.0 0.8833240000000001
256.0 0.8836320000000001
257.0 0.883943
258.0 0.8842570000000001
259.0 0.8845740000000001
260.0 0.884893
261.0 0.8852030000000001
262.0 0.885516
263.0 0.885831
264.0 0.8861060000000001
265.0 0.8863460000000001
266.0 0.886593
267.0 0.886844
268.0 0.887097
269.0 0.887352
270.0 0.887611
271.0 0.887861
272.0 0.888115
273.0 0.888371
274.0 0.888629
275.0 0.888889
276.0 0.889148
277.0 0.889409
278.0 0.889672
279.0 0.8899349999999999
280.0 0.890158
281.0 0.890378
282.0 0.8906000000000001
283.0 0.890825
284.0 0.8910509999999999
285.0 0.89128
286.0 0.8915099999999999
287.0 0.891742
288.0 0.8919750000000001
289.0 0.8922100000000001
290.0 0.892447
291.0 0.892684
292.0 0.892923
293.0 0.8931629999999999
294.0 0.893404
295.0 0.893619
296.0 0.893811
297.0 0.8940049999999999
298.0 0.8942
299.0 0.894398
300.0 0.894596
301.0 0.894793
302.0 0.894991
303.0 0.895191
304.0 0.895391
305.0 0.895593
306.0 0.895796
307.0 0.8959999999999999
308.0 0.896205
309.0 0.896411
310.0 0.896612
311.0 0.896688
312.0 0.896767
313.0 0.896848
314.0 0.8969320000000001
315.0 0.8970189999999999
316.0 0.897108
317.0 0.897199
318.0 0.8972929999999999
319.0 0.897389
320.0 0.897487
321.0 0.897585
322.0 0.8976850000000001
323.0 0.897787
324.0 0.897891
325.0 0.897997
326.0 0.898104
327.0 0.898259
328.0 0.898433
329.0 0.898608
330.0 0.898783
331.0 0.8989579999999999
332.0 0.899134
333.0 0.899311
334.0 0.8994880000000001
335.0 0.899666
336.0 0.899834
337.0 0.8999320000000001
338.0 0.900033
339.0 0.900134
340.0 0.900238
341.0 0.900341
342.0 0.9004449999999999
343.0 0.900551
344.0 0.900658
345.0 0.900766
346.0 0.9008459999999999
347.0 0.9009010000000001
348.0 0.9009579999999999
349.0 0.901017
350.0 0.9010769999999999
351.0 0.901139
352.0 0.901203
353.0 0.9012680000000001
354.0 0.901335
355.0 0.901404
356.0 0.901473
357.0 0.901545
358.0 0.901617
359.0 0.901691
360.0 0.901766
361.0 0.901842
362.0 0.901918
363.0 0.901996
364.0 0.902075
365.0 0.902166
366.0 0.902279
367.0 0.902392
368.0 0.902507
369.0 0.902622
370.0 0.9027379999999999
371.0 0.9028539999999999
372.0 0.902971
373.0 0.9030889999999999
374.0 0.903208
375.0 0.903327
376.0 0.903446
377.0 0.903567
378.0 0.903687
379.0 0.903809
380.0 0.903931
381.0 0.904052
382.0 0.904174
383.0 0.904297
384.0 0.9044199999999999
385.0 0.904543
386.0 0.904667
387.0 0.904791
388.0 0.904915
389.0 0.905037
390.0 0.9050449999999999
391.0 0.9050539999999999
392.0 0.905065
393.0 0.905077
394.0 0.9050910000000001
395.0 0.905107
396.0 0.905124
397.0 0.905142
398.0 0.905161
399.0 0.9051819999999999
400.0 0.905205
401.0 0.905227
402.0 0.9052509999999999
403.0 0.905277
404.0 0.905303
405.0 0.905331
406.0 0.90536
407.0 0.90539
408.0 0.905421
409.0 0.905454
410.0 0.9054869999999999
411.0 0.9055219999999999
412.0 0.9055570000000001
413.0 0.905594
414.0 0.905619
415.0 0.9056399999999999
416.0 0.905663
417.0 0.905687
418.0 0.9057120000000001
419.0 0.905738
420.0 0.905766
421.0 0.9057940000000001
422.0 0.905823
423.0 0.905854
424.0 0.9058849999999999
425.0 0.9059180000000001
426.0 0.9059520000000001
427.0 0.9059860000000001
428.0 0.906022
429.0 0.9060590000000001
430.0 0.906096
431.0 0.906135
432.0 0.906174
433.0 0.906215
434.0 0.9062560000000001
435.0 0.906298
436.0 0.9063410000000001
437.0 0.9063849999999999
438.0 0.90643
439.0 0.906476
440.0 0.9065219999999999
441.0 0.906569
442.0 0.906617
443.0 0.906646
444.0 0.9065989999999999
445.0 0.906555
446.0 0.906512
447.0 0.9064700000000001
448.0 0.906431
449.0 0.906393
450.0 0.9063559999999999
451.0 0.9063209999999999
452.0 0.906287
453.0 0.906255
454.0 0.9062250000000001
455.0 0.906196
456.0 0.906168
457.0 0.906142
458.0 0.906117
459.0 0.906093
460.0 0.9060710000000001
461.0 0.90605
462.0 0.9060299999999999
463.0 0.906011
464.0 0.9059940000000001
465.0 0.9059780000000001
466.0 0.905963
467.0 0.90595
468.0 0.905937
469.0 0.905926
470.0 0.9059159999999999
471.0 0.905907
472.0 0.905899
473.0 0.905893
474.0 0.905887
475.0 0.905882
476.0 0.9058790000000001
477.0 0.905873
478.0 0.905843
479.0 0.905814
480.0 0.905786
481.0 0.9057590000000001
482.0 0.905734
483.0 0.905709
484.0 0.905686
485.0 0.905664
486.0 0.905643
487.0 0.905623
488.0 0.905605
489.0 0.905587
490.0 0.90557
491.0 0.905555
492.0 0.90554
493.0 0.905527
494.0 0.905514
495.0 0.905503
496.0 0.905492
497.0 0.9054819999999999
498.0 0.905474
499.0 0.905466
500.0 0.905459
501.0 0.905453
502.0 0.9054479999999999
503.0 0.9054439999999999
504.0 0.905441
505.0 0.9054380000000001
506.0 0.905437
507.0 0.905436
508.0 0.905436
509.0 0.905437
510.0 0.9054389999999999
511.0 0.905441
512.0 0.9054439999999999
513.0 0.9054479999999999
514.0 0.905453
515.0 0.905459
516.0 0.905465
517.0 0.9054479999999999
518.0 0.9053950000000001
519.0 0.905344
520.0 0.905293
521.0 0.905244
522.0 0.905196
523.0 0.905149
524.0 0.905103
525.0 0.905059
526.0 0.9050149999999999
527.0 0.9049729999999999
528.0 0.9049320000000001
529.0 0.9048919999999999
530.0 0.9048529999999999
531.0 0.9048149999999999
532.0 0.904778
533.0 0.904743
534.0 0.904708
535.0 0.904674
536.0 0.904641
537.0 0.90461
538.0 0.9045789999999999
539.0 0.90455
540.0 0.904521
541.0 0.904493
542.0 0.904466
543.0 0.90444
544.0 0.9044150000000001
545.0 0.904391
546.0 0.9043680000000001
547.0 0.904345
548.0 0.904324
549.0 0.9043030000000001
550.0 0.904284
551.0 0.9042650000000001
552.0 0.904247
553.0 0.90423
554.0 0.904213
555.0 0.904198
556.0 0.9041830000000001
557.0 0.904169
558.0 0.904156
559.0 0.9041440000000001
560.0 0.904132
561.0 0.904121
562.0 0.904111
563.0 0.9041020000000001
564.0 0.904054
565.0 0.903956
566.0 0.9038590000000001
567.0 0.903764
568.0 0.9036690000000001
569.0 0.903577
570.0 0.903485
571.0 0.9033950000000001
572.0 0.903306
573.0 0.903219
574.0 0.9031319999999999
575.0 0.9030469999999999
576.0 0.9029630000000001
577.0 0.902881
578.0 0.9028
579.0 0.9027200000000001
580.0 0.902641
581.0 0.902563
582.0 0.902486
583.0 0.9024110000000001
584.0 0.902337
585.0 0.902264
586.0 0.902192
587.0 0.9021210000000001
588.0 0.902051
589.0 0.901983
590.0 0.901915
591.0 0.901849
592.0 0.9017839999999999
593.0 0.9017189999999999
594.0 0.901656
595.0 0.901594
596.0 0.901533
597.0 0.901473
598.0 0.901414
599.0 0.9013559999999999
600.0 0.901298
601.0 0.901242
602.0 0.9011870000000001
603.0 0.901133
604.0 0.90108
605.0 0.901027
606.0 0.900976
607.0 0.900925
608.0 0.9008759999999999
609.0 0.900827
610.0 0.900779
611.0 0.900733
612.0 0.900687
613.0 0.9006409999999999
614.0 0.9005970000000001
615.0 0.9005540000000001
616.0 0.9005110000000001
617.0 0.90047
618.0 0.900429
619.0 0.900389
620.0 0.900343
621.0 0.9002079999999999
622.0 0.900075
623.0 0.8999429999999999
624.0 0.8998130000000001
625.0 0.899684
626.0 0.899556
627.0 0.89943
628.0 0.8993049999999999
629.0 0.899181
630.0 0.899059
631.0 0.898938
632.0 0.898818
633.0 0.8987
634.0 0.898583
635.0 0.898467
636.0 0.898352
637.0 0.8982389999999999
638.0 0.8981270000000001
639.0 0.8980159999999999
640.0 0.897906
641.0 0.897798
642.0 0.8976909999999999
643.0 0.897585
644.0 0.89748
645.0 0.897376
646.0 0.897273
647.0 0.8971720000000001
648.0 0.897071
649.0 0.896972
650.0 0.896874
651.0 0.896777
652.0 0.896681
653.0 0.896534
654.0 0.89637
655.0 0.896207
656.0 0.896046
657.0 0.895886
658.0 0.895728
659.0 0.895571
660.0 0.895415
661.0 0.89526
662.0 0.895107
663.0 0.8949550000000001
664.0 0.894804
665.0 0.8946550000000001
666.0 0.8945069999999999
667.0 0.89436
668.0 0.8942140000000001
669.0 0.8940699999999999
670.0 0.893926
671.0 0.893784
672.0 0.893644
673.0 0.893504
674.0 0.893366
675.0 0.893229
676.0 0.8930929999999999
677.0 0.892958
678.0 0.892824
679.0 0.8926919999999999
680.0 0.89256
681.0 0.89243
682.0 0.8923009999999999
683.0 0.892173
684.0 0.892046
685.0 0.8919199999999999
686.0 0.891795
687.0 0.8916719999999999
688.0 0.8915489999999999
689.0 0.89141
690.0 0.8911960000000001
691.0 0.890983
692.0 0.890772
693.0 0.8905620000000001
694.0 0.8903530000000001
695.0 0.890146
696.0 0.889941
697.0 0.8897360000000001
698.0 0.889533
699.0 0.889332
700.0 0.889132
701.0 0.888933
702.0 0.888735
703.0 0.888539
704.0 0.888344
705.0 0.88815
706.0 0.887958
707.0 0.8877670000000001
708.0 0.887577
709.0 0.887389
710.0 0.887202
711.0 0.887016
712.0 0.8868309999999999
713.0 0.886648
714.0 0.8864660000000001
715.0 0.886285
716.0 0.886105
717.0 0.8859269999999999
718.0 0.88575
719.0 0.885574
720.0 0.885399
721.0 0.8852249999999999
722.0 0.8850530000000001
723.0 0.8848820000000001
724.0 0.8847119999999999
725.0 0.8845430000000001
726.0 0.884375
727.0 0.884208
728.0 0.884043
729.0 0.883879
730.0 0.883588
731.0 0.883239
732.0 0.8828910000000001
733.0 0.8825449999999999
734.0 0.8822
735.0 0.881857
736.0 0.8815149999999999
737.0 0.881174
738.0 0.880834
739.0 0.880497
740.0 0.88016
741.0 0.879825
742.0 0.879491
743.0 0.8791589999999999
744.0 0.878828
745.0 0.878498
746.0 0.8781690000000001
747.0 0.877842
748.0 0.877517
749.0 0.877193
750.0 0.8768699999999999
751.0 0.876548
752.0 0.876228
753.0 0.875909
754.0 0.875591
755.0 0.875275
756.0 0.87496
757.0 0.874647
758.0 0.8743340000000001
759.0 0.874023
760.0 0.873714
761.0 0.8734050000000001
762.0 0.8730979999999999
763.0 0.872792
764.0 0.872488
765.0 0.8721850000000001
766.0 0.871883
767.0 0.871582
768.0 0.8712829999999999
769.0 0.870985
770.0 0.8706879999999999
771.0 0.8703919999999999
772.0 0.870098
773.0 0.869805
774.0 0.869513
775.0 0.869211
776.0 0.8687940000000001
777.0 0.8683759999999999
778.0 0.867959
779.0 0.8675409999999999
780.0 0.867124
781.0 0.866706
782.0 0.866288
783.0 0.8658710000000001
784.0 0.865453
785.0 0.865036
786.0 0.864618
787.0 0.8642
788.0 0.863783
789.0 0.863365
790.0 0.8629479999999999
791.0 0.86253
792.0 0.8621129999999999
793.0 0.861695
794.0 0.861278
795.0 0.8609180000000001
796.0 0.8607630000000001
797.0 0.860607
798.0 0.8604510000000001
799.0 0.860294
800.0 0.860137
801.0 0.8599800000000001
802.0 0.859823
803.0 0.859665
804.0 0.859507
805.0 0.859349
806.0 0.859191
807.0 0.859032
808.0 0.8588720000000001
809.0 0.8587130000000001
810.0 0.858553
811.0 0.858393
812.0 0.858233
813.0 0.858072
814.0 0.857911
815.0 0.85775
816.0 0.857653
817.0 0.8577020000000001
818.0 0.8577509999999999
819.0 0.8578
820.0 0.857849
821.0 0.857898
822.0 0.857947
823.0 0.857997
824.0 0.858046
825.0 0.8580960000000001
826.0 0.8581449999999999
827.0 0.858195
828.0 0.858245
829.0 0.8582949999999999
830.0 0.858345
831.0 0.858395
832.0 0.858445
833.0 0.8584959999999999
834.0 0.858546
835.0 0.858597
836.0 0.8586469999999999
837.0 0.858698
838.0 0.858816
839.0 0.859123
840.0 0.8594310000000001
841.0 0.8597400000000001
842.0 0.86005
843.0 0.860361
844.0 0.860673
845.0 0.860986
846.0 0.861299
847.0 0.861613
848.0 0.861928
849.0 0.862244
850.0 0.862561
851.0 0.862879
852.0 0.863198
853.0 0.863517
854.0 0.8638379999999999
855.0 0.8641589999999999
856.0 0.8644809999999999
857.0 0.864804
858.0 0.865128
859.0 0.865453
860.0 0.8657779999999999
861.0 0.866105
862.0 0.866432
863.0 0.86676
864.0 0.867089
865.0 0.867419
866.0 0.86775
867.0 0.868082
868.0 0.8684149999999999
869.0 0.868748
870.0 0.8690829999999999
871.0 0.869418
872.0 0.8697539999999999
873.0 0.8700910000000001
874.0 0.870429
875.0 0.8707680000000001
876.0 0.871108
877.0 0.871449
878.0 0.8717900000000001
879.0 0.872133
880.0 0.872476
881.0 0.8728199999999999
882.0 0.8731659999999999
883.0 0.8735120000000001
884.0 0.873859
885.0 0.874207
886.0 0.8747020000000001
887.0 0.875427
888.0 0.876151
889.0 0.876875
890.0 0.877599
891.0 0.8783230000000001
892.0 0.879046
893.0 0.879769
894.0 0.8804909999999999
895.0 0.881213
896.0 0.881935
897.0 0.8826569999999999
898.0 0.883378
899.0 0.884098
900.0 0.8848180000000001
901.0 0.8855379999999999
902.0 0.886257
903.0 0.886976
904.0 0.8876949999999999
905.0 0.888412
906.0 0.88913
907.0 0.889847
908.0 0.8905629999999999
909.0 0.8912789999999999
910.0 0.891995
911.0 0.89271
912.0 0.893433
913.0 0.89417
914.0 0.894906
915.0 0.8956399999999999
916.0 0.896373
917.0 0.8971040000000001
918.0 0.897834
919.0 0.8985609999999999
920.0 0.899288
921.0 0.9000119999999999
922.0 0.900735
923.0 0.901456
924.0 0.9021760000000001
925.0 0.902894
926.0 0.90361
927.0 0.904325
928.0 0.905038
929.0 0.90575
930.0 0.906459
931.0 0.9071670000000001
932.0 0.907873
933.0 0.908578
934.0 0.909281
935.0 0.909982
936.0 0.910682
937.0 0.9113800000000001
938.0 0.912076
939.0 0.91277
940.0 0.9133979999999999
941.0 0.913998
942.0 0.914595
943.0 0.915189
944.0 0.91578
945.0 0.916368
946.0 0.916953
947.0 0.917535
948.0 0.9181149999999999
949.0 0.918691
950.0 0.919265
951.0 0.9198350000000001
952.0 0.920403
953.0 0.920968
954.0 0.9215300000000001
955.0 0.9220900000000001
956.0 0.922647
957.0 0.9231999999999999
958.0 0.923751
959.0 0.9243000000000001
960.0 0.9248449999999999
961.0 0.925388
962.0 0.925928
963.0 0.926466
964.0 0.9270010000000001
965.0 0.9275329999999999
966.0 0.928062
967.0 0.9285890000000001
968.0 0.929113
969.0 0.929544
970.0 0.929819
971.0 0.930092
972.0 0.930365
973.0 0.9306359999999999
974.0 0.9309059999999999
975.0 0.9311750000000001
976.0 0.931442
977.0 0.931708
978.0 0.931974
979.0 0.932238
980.0 0.932501
981.0 0.932762
982.0 0.933023
983.0 0.933282
984.0 0.93354
985.0 0.933798
986.0 0.934054
987.0 0.934308
988.0 0.934562
989.0 0.934815
990.0 0.9350660000000001
991.0 0.935317
992.0 0.935566
993.0 0.9358150000000001
994.0 0.9360620000000001
995.0 0.9363079999999999
996.0 0.936553
997.0 0.936797
998.0 0.93704
999.0 0.9372820000000001
1000.0 0.937517
1001.0 0.937713
1002.0 0.9379080000000001
1003.0 0.938103
1004.0 0.938296
1005.0 0.938489
1006.0 0.938682
1007.0 0.938873
1008.0 0.939064
1009.0 0.9392539999999999
1010.0 0.939443
1011.0 0.939632
1012.0 0.93982
1013.0 0.9400069999999999
1014.0 0.9401940000000001
1015.0 0.94038
1016.0 0.940565
1017.0 0.940749
1018.0 0.940933
1019.0 0.941116
1020.0 0.9412990000000001
1021.0 0.941481
1022.0 0.941662
1023.0 0.9418420000000001
1024.0 0.942022
1025.0 0.9422010000000001
1026.0 0.942379
1027.0 0.9425570000000001
1028.0 0.942734
1029.0 0.942911
1030.0 0.943087
1031.0 0.943262
1032.0 0.9434359999999999
1033.0 0.9436100000000001
1034.0 0.94377
1035.0 0.943926
1036.0 0.9440810000000001
1037.0 0.944236
1038.0 0.94439
1039.0 0.944544
1040.0 0.944697
1041.0 0.94485
1042.0 0.9450020000000001
1043.0 0.9451529999999999
1044.0 0.945304
1045.0 0.945455
1046.0 0.945605
1047.0 0.945754
1048.0 0.9459029999999999
1049.0 0.946052
1050.0 0.946199
1051.0 0.9463469999999999
1052.0 0.946494
1053.0 0.94664
1054.0 0.946786
1055.0 0.946931
1056.0 0.947076
1057.0 0.947221
1058.0 0.947365
1059.0 0.947508
1060.0 0.947651
1061.0 0.9477930000000001
1062.0 0.947935
1063.0 0.948077
1064.0 0.948218
1065.0 0.948358
1066.0 0.9484980000000001
1067.0 0.948638
1068.0 0.9487770000000001
1069.0 0.948916
1070.0 0.949054
1071.0 0.949192
1072.0 0.9493290000000001
1073.0 0.949466
1074.0 0.9496020000000001
1075.0 0.949738
1076.0 0.9498730000000001
1077.0 0.950008
1078.0 0.950142
1079.0 0.9502760000000001
1080.0 0.95041
1081.0 0.950543
1082.0 0.950676
1083.0 0.950808
1084.0 0.9509399999999999
1085.0 0.951071
1086.0 0.951202
1087.0 0.9513320000000001
1088.0 0.951463
1089.0 0.951592
1090.0 0.951721
1091.0 0.95185
1092.0 0.951978
1093.0 0.952106
1094.0 0.952234
1095.0 0.9523609999999999
1096.0 0.952487
1097.0 0.952614
1098.0 0.952739
1099.0 0.9528650000000001
1100.0 0.9529900000000001
